6
Linear
1
24
bias_yes
5.55644
3.49549
-6.21673
4.07407
-6.69714
3.91516
-5.1804
5.66914
7.00428
-6.0984
3.22982
8.16388
6.69653
-10.2508
11.2561
-6.20781
-1.73749
0.951264
-8.4966
-3.78179
-8.57873
-3.90907
-3.19472
4.32612
-4.13667
-2.16125
0.863635
-2.26306
4.34072
-2.63433
4.04216
-4.21118
-1.04212
0.853581
-1.15157
-0.46693
-0.912213
6.84535
-0.686532
0.837834
0.32422
-0.102381
6.82328
2.07253
4.8264
2.93594
2.00484
-0.0567795
Sigmoid
Linear
24
24
bias_no
6.57578
2.72256
-0.281371
3.44693
-1.73676
4.25288
-0.620664
6.67816
-1.65368
-1.35608
2.00162
-0.137645
-1.4818
-2.22014
0.72574
-0.1802
-0.272821
0.259731
-1.14404
-0.432229
-1.91158
-0.715785
-1.0662
0.406823
4.7745
1.83473
-0.503495
2.32601
-1.24162
3.13797
-0.393395
4.86689
-1.27124
-1.26521
1.45653
0.00699051
-0.840143
-1.45961
0.675459
-0.490838
-0.303597
0.342156
-0.858375
-0.239069
-1.15384
-0.211643
-1.03684
0.202759
2.20637
0.547782
4.26068
0.375188
0.699074
1.17779
0.046432
2.0029
-2.91202
3.40662
0.102225
0.0484638
-2.80411
1.31454
0.26562
4.35046
0.137605
0.0132297
0.342823
0.0043077
1.09619
-0.0582584
-0.0470863
0.0273574
-5.02202
-1.87442
-2.38634
-2.42804
0.760166
-2.94229
0.180536
-5.32388
2.32226
-1.33598
-0.798831
0.142135
1.82624
1.4416
0.122599
-2.44648
-0.159246
-0.373886
0.71666
0.00608692
1.29754
-0.162462
0.679407
-0.197737
2.27553
0.655443
2.29817
0.777471
-0.250589
1.07514
-0.6332
2.37636
-1.96586
1.4133
0.302668
-0.579087
-1.74231
-0.253534
-0.643472
2.10795
-0.0308704
-0.0350852
-0.854804
-0.508757
-0.0875255
-0.49776
-0.615817
-0.135024
-6.76443
-2.29944
-7.98935
-2.11419
1.56612
-3.72408
1.65112
-7.03581
3.41119
-7.14605
-0.170099
1.11074
3.44111
1.94381
2.93597
-7.98736
0.36231
0.0420098
3.03328
0.651084
0.464173
1.37901
0.99051
0.953735
3.52325
1.67479
0.740967
1.79784
-0.139859
2.22609
0.178006
3.57648
-1.23298
-0.0567167
1.28969
0.525045
-0.878982
-0.297344
0.554717
0.569063
0.155548
0.557435
0.134785
0.333895
-0.434617
0.183204
-0.163395
0.720279
1.72315
0.432833
3.57933
0.329789
0.728856
1.05674
0.0541416
1.79366
-2.63242
2.89148
0.406519
0.327102
-2.31398
1.26816
-0.024861
3.64137
0.240404
0.416937
0.659586
0.207439
1.09506
0.059322
5.46445e-05
0.0319601
-3.23391
-1.11935
-2.63135
-1.37499
-0.447508
-1.74444
-0.43429
-3.41684
1.56532
-1.6112
-0.766072
-0.629364
1.38346
-0.509303
-0.60742
-2.75149
-0.148848
-0.520587
-0.302692
-0.21516
-0.18307
-0.705725
0.0013736
-0.546798
-2.71176
-0.693224
-2.27905
-1.06638
-0.557162
-1.57353
-0.276373
-3.15419
1.68542
-1.33122
-0.458874
-0.577996
1.17202
-0.498998
-0.445237
-2.43781
-0.372099
-0.53991
-0.515746
-0.468484
-0.511635
-0.670079
-0.4366
-0.316747
2.03954
0.473941
3.51244
0.349912
0.662639
0.786026
0.190056
1.8968
-2.64563
2.765
0.152071
0.0831659
-2.2422
1.44363
-0.0221818
3.42735
-0.080981
0.348323
0.471664
0.157336
1.02143
0.168418
0.265357
0.22369
2.37915
0.850995
2.74569
0.977858
0.749462
1.49445
0.412532
2.74773
-2.01872
1.76459
0.697075
0.59477
-1.75616
0.498197
0.342127
2.34143
0.181802
0.351532
0.728575
0.427135
0.382594
0.462364
0.414955
0.281523
2.95286
1.02007
2.99562
0.912965
-0.595691
1.63322
-0.867952
2.9372
-2.42362
2.32147
0.440502
-0.57575
-2.26918
-0.519032
-0.888911
3.2408
0.0327362
0.158323
-1.3499
-0.278705
-0.151067
-0.497065
-0.613938
-0.107826
1.37398
0.270251
2.66008
0.310152
0.871087
0.775509
0.16113
1.4415
-2.27955
2.13231
0.387314
0.37197
-1.98714
1.30874
-0.0158385
2.74696
0.150006
0.317194
0.661577
-0.045266
1.13583
0.0656096
0.245091
0.374333
3.00049
1.31489
0.785467
1.0429
-1.21533
1.88142
-1.40617
3.05348
-1.64558
0.407692
0.513181
-0.531335
-1.82308
-1.03598
-0.39744
0.861494
-0.687535
0.0653064
-1.85306
-0.83994
-0.811634
-1.64166
-1.39065
-0.370464
-0.87715
-1.54385
5.60958
-1.97641
1.6433
-1.56667
0.632202
-0.655059
-3.86185
5.15311
-1.53169
-0.392993
-3.49313
1.62515
-0.939786
5.79128
0.273711
-0.375773
1.03603
-0.0938348
1.4856
0.599814
0.829166
-0.490414
0.0889839
1.51571
-5.97603
1.75119
-1.39997
1.29728
-0.382076
0.0185976
3.22836
-4.80304
1.29382
0.570137
3.24019
-1.83819
0.773757
-5.60705
0.121496
0.341091
-0.971742
-0.150463
-1.6694
-0.317611
-0.325262
0.632896
2.00535
0.707433
1.81934
0.404506
-0.430346
1.11721
-0.571656
2.07576
-1.66836
1.10027
-0.0650766
-0.462272
-1.46501
-0.122547
-0.376327
1.93014
-0.0780636
-0.116323
-0.913438
-0.22787
-0.297705
-0.579973
-0.565107
-0.215017
-1.50161
-0.665658
-3.33803
-0.402947
-1.08931
-1.12505
0.061551
-1.77957
2.33018
-2.25623
-0.253833
-0.126058
1.95797
-1.84524
-0.103975
-3.2055
-0.0095518
-0.0590898
-0.657383
-0.177402
-1.39599
-0.153827
-0.0240657
-0.0429729
-2.33299
-0.518278
-3.01879
-0.840422
-0.799592
-1.13495
-0.455576
-2.84519
1.99341
-2.24753
-0.534198
-0.589919
1.87029
-1.072
-0.219854
-2.8576
-0.368438
-0.195957
-0.71864
-0.257834
-0.533883
-0.813423
-0.248375
-0.312847
2.74706
0.784468
2.74599
0.719553
-0.683592
1.58802
-0.493386
2.84695
-2.35661
1.9987
0.0657866
-0.266328
-2.1687
-0.727358
-0.84593
2.75926
0.0638533
0.00928584
-0.909028
-0.138747
-0.325617
-0.447984
-0.491899
-0.164046
2.5106
0.943346
1.92739
0.885372
0.56888
1.40566
0.485622
2.91958
-1.37197
1.48547
0.638906
0.342715
-1.42351
0.377746
0.368996
1.86197
0.133212
0.245425
0.362875
0.180593
0.295062
0.658909
0.442512
0.407816
-5.39409
-1.94281
-0.857624
-2.66715
1.23689
-3.19375
0.450014
-5.31566
1.57642
0.451868
-1.4607
-0.121563
1.36579
1.63609
-0.524256
-0.542035
0.030869
-0.268021
0.804649
0.00588325
1.31159
0.111998
0.855057
-0.347167
2.57207
0.921166
2.03732
0.912765
0.429234
1.16171
0.229317
2.80795
-1.50209
1.69445
0.708412
0.340118
-1.55164
0.68161
0.551338
2.2277
0.321476
0.214932
0.389438
0.538682
0.352179
0.5285
0.0587336
0.301585
Sigmoid
Linear
24
1
bias_yes
-1.57942
-1.14732
-1.4545
2.1913
-1.02911
3.19047
-0.805483
-1.22122
1.7658
1.80789
-1.00663
-0.782611
-1.75418
-0.815163
-1.60204
-2.10567
2.30829
-0.803259
1.817
1.87413
-1.39856
-0.529684
1.83758
-0.34698
0.683166
Sigmoid
